248,83,315,182,339,307,65,27,30,23,43,75,253,254,326,226,46,243,238,311
181,182,177,196,266,204,131,89,283,284,234,142,276,46,256,57,9,326,340,185,208,140,323,248,265,40,158,202
70,328,308,163,269,311,21,20,330,123,120,201,158
181,210,77,46,24,127,190,161,195,222,238,84,239,34,68,59,116,256,336,347,349,210,228,150,253
54,308,202
21,269,230,311,341,20,64,327,301,39,213,177,340,155,29,318,349,348,211
310,214,12,319,359,65,77,72
205,90,224,99,313,242,330,34,108,201,86,285,97,264,258,250,167,248,94,230,136,165,16,201
339,243,132,76,286,121,246,112,272,177,268
108,88,14,274,130,32,83,39,213,16,17,338,151
254,31,19,206,187,328,171,167,4,325,354,108,178,40,115,194,279,295,84,363,234,293,225,187,138,203,334,180
213,228,179,234,65,44,333,38,18,291,316,87,280,230,61,304,277,273,24,82,66,359,343,31,257,282,260,253,297,241,71,152,146,360,38,363,244,268,32,194,145,47,227,218,270,44,280,238,17,11
320,266,45,75,49,197,272,121,220,19,134,34,100,49,360,123,271
360,325,75,346,12,258,269,109,36,63,109,39,119,261,141,127,32,359,130,98,124,341,305
1,358,54,30,342,364,205,23,266,33,250,39,246,52,94,165,249,199
316,280,69,39,110,105,10,140,361,247,127,174,186,266,348
223,212,16,52,108,151,218,17,285,344,288,286,165,72,27,131,78,152,143,154,229,25,360,323,228,330,236,12
361,338,232,61,122,170,110,184,105,249,134,107,222,116,250,204,36,66,298,68,8,342,280,166,87,229,304,130
193,212,103,227,171,279,49,278,253,49,75,220,22,116,147,271,300,93,116,265,332,7,123,151,65,37,145,242
175,7,197,209,236,298,78,230,203,264,32,352,115,80,358,155,64,8,297,135,292,249,242,80,302,143,273,103,292
145,41,281,158,282,92,147,157,60,337,288,307,272,286,89,46,280,20,305,84
